<System Settings>
ReferenceFrame=1
TranslatingOrigin=0
Rotation=1
RotationFrequency=1.981872919709886e-007
Speed=84
Accuracy=13
TrailLength=76
AutoZoom=0
ZoomFactor=698972178845.106320000000000
</System Settings>
<Planet>
PlanetName=Sun
Colour=rgb(255, 131, 70)
Size=4
X=-1.068001207855964e+009
Y=-4.176802215678834e+008
Z=3.084447351751894e+007
vX=9.305302484387429e+000
vY=-1.283176885633621e+001
vZ=-1.631533233281224e-001
Mass=1.989100000000000e+030
ID=1
</Planet>
<Planet>
PlanetName=Mercury
Colour=rgb(174, 0, 0)
Size=2
X=-2.212062192610753e+010
Y=-6.682431850445411e+010
Z=-3.461601913902704e+009
vX=3.666229232385352e+004
vY=-1.230266939177999e+004
vZ=-4.368337192813524e+003
Mass=3.302000000000000e+023
ID=2
</Planet>
<Planet>
PlanetName=Venus
Colour=rgb(245, 209, 3)
Size=2
X=-1.085735514172681e+011
Y=-3.784201169757934e+009
Z=6.190065071644730e+009
vX=8.984651770201601e+002
vY=-3.517203951401513e+004
vZ=-5.320223552302859e+002
Mass=4.868500000000000e+024
ID=3
</Planet>
<Planet>
PlanetName=Earth
Colour=blue
Size=2
X=-2.627893032073254e+010
Y=1.445102392683197e+011
Z=3.022698338125174e+007
vX=-2.983052801489718e+004
vY=-5.220465781298194e+003
vZ=-1.013424562547561e-001
Mass=5.973600000000000e+024
ID=4
</Planet>
<Planet>
PlanetName=Mars
Colour=red
Size=2
X=2.069270537921375e+011
Y=-3.560689322592423e+009
Z=-5.147937128308766e+009
vX=1.304308774702451e+003
vY=2.628158890696512e+004
vZ=5.188464020418112e+002
Mass=6.418500000000000e+023
ID=5
</Planet>
<Planet>
PlanetName=Jupiter
Colour=rgb(255, 183, 85)
Size=3
X=5.978411000000000e+011
Y=4.387049000000000e+011
Z=-1.520166000000000e+010
vX=-7.892633000000000e+003
vY=1.115034000000000e+004
vZ=1.305103000000000e+002
Mass=1.898130000000000e+027
ID=6
</Planet>
<Planet>
PlanetName=3753 Cruithne
Colour=green
Size=1
X=-6.019604942577347e+010
Y=4.543244153630412e+010
Z=7.399855280429156e+009
vX=-2.174201851515878e+004
vY=-4.385998021754631e+004
vZ=1.566896201999752e+004
Mass=1.300000000000000e+014
ID=7
</Planet>
END OF FILE
